Contour #0
2232 1222
2232 1223
2231 1224
Contour #1
2138 1325
2138 1326
2138 1327
2138 1328
2139 1328
2139 1329
2140 1329
2140 1330
2140 1331
2140 1332
2141 1332
2141 1333
2142 1333
2142 1334
2142 1335
2143 1335
2143 1336
2143 1337
2144 1337
2145 1337
2145 1338
2146 1338
2146 1339
2147 1339
2147 1340
2147 1341
2148 1341
2148 1342
2149 1342
2149 1343
2150 1343
2150 1344
2151 1344
2151 1345
2152 1345
2152 1346
2153 1346
2153 1347
2154 1347
2154 1348
2154 1349
2154 1350
2155 1350
2155 1351
2156 1351
2156 1352
2156 1353
2157 1353
2158 1353
2158 1354
2159 1354
2159 1355
2159 1356
2160 1356
2160 1357
2161 1357
2161 1358
2161 1359
2161 1360
2162 1360
2162 1361
2162 1362
2162 1363
2162 1364
2162 1365
2162 1366
2162 1367
2163 1368
2163 1369
2163 1370
2164 1371
2165 1371
2165 1372
Contour #2
2122 1336
2122 1335
2122 1337
2123 1337
2123 1338
2124 1338
2124 1339
2124 1340
2125 1340
2124 1341
2125 1341
2123 1342
2123 1343
2123 1344
2123 1345
2124 1346
2125 1346
2126 1346
2127 1346
2127 1347
2126 1341
Contour #3
1944 1395
1944 1396
1945 1396
1945 1397
1945 1398
1945 1399
1944 1400
1945 1400
1943 1401
1944 1401
1943 1402
1944 1403
1944 1404
1945 1404
Contour #4
1940 1395
1940 1396
1940 1397
1941 1397
1941 1398
1942 1398
1942 1399
Contour #5
1926 1395
1926 1396
1925 1397
1925 1398
1925 1399
1924 1400
1924 1401
1923 1402
1922 1403
1923 1403
1922 1404
1923 1405
1923 1406
Contour #6
1912 1395
1911 1395
1912 1396
1912 1397
1912 1398
1911 1399
1910 1400
1910 1401
1910 1402
1910 1403
1910 1404
1909 1405
1910 1405
1909 1406
1908 1407
1909 1407
1908 1408
1907 1409
1908 1409
1906 1410
1907 1410
1905 1409
1904 1408
1905 1408
Contour #7
1831 1384
1830 1384
1830 1385
Contour #8
1806 1376
1805 1376
1805 1377
1804 1377
1803 1378
1804 1378
1802 1379
1803 1379
1801 1380
1802 1380
1801 1381
1800 1382
1801 1382
1799 1383
1800 1383
1798 1383
1798 1384
1797 1384
1796 1384
1796 1385
1795 1385
1794 1386
1795 1386
1793 1387
1794 1387
1793 1388
1792 1389
1793 1389
1791 1390
1792 1390
1790 1391
1791 1391
1790 1392
1789 1393
1790 1393
1788 1394
1789 1394
1787 1395
1788 1395
1786 1396
1787 1396
1785 1397
1786 1397
1785 1398
1784 1399
1785 1399
1783 1400
1784 1400
1782 1401
1783 1401
1782 1402
1781 1403
1782 1403
1780 1404
1781 1404
1779 1405
1780 1405
1778 1405
1778 1406
1777 1406
1776 1407
1777 1407
1775 1407
1775 1408
1774 1408
1773 1409
1774 1409
1772 1410
1773 1410
1771 1411
1772 1411
1773 1411
1772 1412
1773 1413
1772 1414
1772 1415
1772 1416
Contour #9
1653 795
1652 795
1654 795
1651 795
1650 795
1649 794
1649 795
1648 795
1647 794
1646 794
1645 794
1644 794
1643 794
1642 794
1641 795
1640 795
1639 794
1638 794
1637 794
1636 793
1635 793
1634 793
1633 793
1632 793
1631 792
1630 792
1629 792
1628 791
1627 791
1627 792
1626 793
1625 792
1626 794
1624 792
1623 792
1622 791
1622 792
1621 791
1620 791
1626 795
1627 796
1627 797
Contour #10
1663 785
1662 784
1662 785
1661 783
1662 783
1660 782
1661 782
1659 781
1660 781
1660 780
1660 779
1660 778
Contour #11
1728 732
1727 731
1728 731
1726 730
1727 730
1725 729
1726 729
1725 728
Contour #12
1747 720
1746 719
1747 719
1748 720
1745 718
1744 717
1743 716
1744 716
1743 715
1742 714
1743 714
1741 713
1742 713
1740 712
1741 712
1739 711
1740 711
1738 710
1739 710
1737 709
1738 709
1736 708
1737 708
1735 707
1736 707
1734 706
1735 706
1735 705
1735 704
1736 703
Contour #13
1836 685
1835 684
1836 684
1835 683
1834 682
1835 682
1834 681
1833 680
1834 680
1833 679
1833 678
1833 677
1832 676
1833 676
1832 675
1832 674
1831 673
1831 672
1831 671
1830 670
1830 669
1829 668
1828 667
1829 667
1828 666
1827 665
1827 664
1826 663
1826 662
1825 661
1826 661
1825 660
1825 659
1824 658
1824 657
1823 656
1824 656
1823 655
1822 654
1823 654
1822 653
1822 652
1821 651
1822 651
1821 650
1821 649
1821 648
1820 647
1820 646
1819 645
1818 644
1819 644
1817 643
1818 643
1817 642
1816 641
1817 641
1816 640
1816 639
1815 638
1816 638
1815 637
1815 636
1814 635
1814 634
1813 633
1813 632
1812 631
1812 630
1811 629
1811 628
1810 627
1810 626
1811 626
1810 625
1810 624
1809 623
1808 622
1808 621
1807 620
1806 619
1807 619
1806 618
1805 617
1806 617
1805 616
1804 615
1804 614
1803 613
1804 613
1803 612
1802 611
1803 611
1802 610
1802 609
1802 608
1801 607
1800 606
1801 606
1799 605
1800 605
1799 604
1798 603
1799 603
1797 602
1798 602
1797 601
1798 601
1797 600
1797 599
1796 598
1796 597
1795 596
1795 595
1794 594
1794 593
1793 592
1793 591
1793 590
1792 589
1793 589
1791 588
1792 588
1791 587
1791 586
1790 585
1791 585
1790 584
1790 583
1789 582
1788 581
1789 581
1788 580
1787 579
1788 579
1787 578
1787 577
1786 576
1785 575
1786 575
1785 574
1784 573
1785 573
1783 572
1784 572
1783 571
1782 570
1783 570
1782 569
1782 568
1781 567
1782 567
1781 566
1780 565
1779 564
1779 563
1779 562
1779 561
1778 560
1779 560
1777 559
1778 559
Contour #14
1841 684
1841 683
1840 682
1840 681
1839 680
1839 679
1839 678
1839 677
1838 676
1838 675
1838 674
1838 673
1837 672
1838 672
1836 671
1836 673
1837 671
1836 670
Contour #15
1867 679
1866 678
1867 678
1868 679
1865 677
1865 678
1864 677
1863 676
1863 677
1862 676
1869 679
Contour #16
2050 697
2050 696
2050 698
2050 695
2050 694
2050 693
Contour #17
2183 785
2183 784
2183 786
2183 783
2183 782
2183 781
2183 780
2183 779
2183 778
2183 777
2183 776
2183 775
2184 774
2184 773
2184 772
2185 771
2185 770
2185 769
2185 768
2186 768
2185 767
2185 766
2186 765
2186 764
2186 763
2186 762
2187 761
2186 760
2186 759
2187 758
2187 757
2187 756
2188 755
2188 754
2188 753
2188 752
2188 751
2188 750
2188 749
2189 748
2189 747
2190 747
2189 746
2189 745
2189 744
2190 744
2191 745
2191 748
2192 749
2191 750
Contour #18
2217 827
2218 827
2219 826
2219 827
2220 826
2221 826
2222 826
2222 827
2223 825
2224 825
2225 825
2226 824
2227 824
2228 823
2228 824
2229 823
2230 822
2231 822
2232 822
2233 822
2234 822
2235 821
2236 821
2237 820
2238 819
2238 820
2239 818
2239 819
2240 818
Contour #19
2220 830
2220 831
2221 830
2222 829
2222 830
2223 829
2224 829
2225 829
2226 829
2227 828
2228 828
2229 827
2230 827
2231 826
2231 827
2232 826
2233 826
2234 826
2235 826
2236 826
total Contour20
